StartChar: si_MatraEe
Encoding: 0 3546 471
Width: 1228
VWidth: 1000
GlyphClass: 2
Flags: W
HStem: -0.0240964 71.0008<169.496 384.288> 9.9834 37.0605<787.665 822.234> 23.6367 37.0605<725.65 760.971 850.056 885.002> 59.5264 37.0615<672.656 708.353 903.051 937.996> 114.923 37.0605<637.702 672.647 938.004 973.702> 166 32<251.305 332.316> 179.681 35.8906<624.548 660.245 950.032 985.728> 242.879 37.0605<637.715 672.647 938.004 973.689> 292 30.4717<249.801 322.561> 299.055 36.2803<672.668 708.353 902.299 937.996> 335.335 37.0605<725.65 760.971 849.305 885.002> 347.818 37.0605<787.665 822.234> 403 29<207.279 390.721> 468 28<1047.56 1122.28>
VStem: 33 44.1899<158.872 304.74> 202.965 33.0351<211.586 279.246> 345 34<210.718 279.174> 455 36.5496<132.975 238.86> 555 29<206 258.879> 624.544 35.7051<179.685 215.567> 637.698 34.9531<114.927 151.979 242.898 279.935> 672.651 35.7061<59.5308 96.5833 299.071 335.33> 725.646 35.3301<23.6414 60.6926 335.339 372.391> 787.661 34.5771<9.98807 47.0396 347.823 384.875> 850.052 34.9541<23.6411 60.6926 335.339 372.391> 903.047 34.9531<59.5308 96.5833 299.059 335.33> 938 35.7061<114.927 151.979 242.884 279.935> 950.027 35.7051<179.685 215.567> 1020 27<377 478 498.094 638> 1133.26 36.7803<504.107 586.595>
LayerCount: 2
Back
Fore
Refer: 455 3530 N 1 0 0 1 1160 0 2
Refer: 469 3545 N 1 0 0 1 0 0 2
Refer: 275 9676 N 1 0 0 1 570 0 2
Validated: 1
Substitution2: "NidahasFMAbhaya-Regular-'pstf' Post Base Forms in Sinhala lookup 7 subtable" si_Halant
EndChar
