StartChar: si_Ei
Encoding: 0 3475 387
Width: 1196
VWidth: 1000
GlyphClass: 2
Flags: W
HStem: -0.027027 71.027<742.767 994.984> -0.0240964 71.0008<169.496 384.288> 166 32<251.305 332.316> 289 26<606 714 741.148 850> 292 30.4717<249.801 322.561> 358.895 36.1053<928.279 1026.68> 394 38.0235<747.883 826.463> 403 29<207.279 390.721>
VStem: 33 44.1899<158.872 304.74> 202.965 33.0351<211.586 279.246> 345 34<210.718 279.174> 455 36.5496<132.975 238.86> 555 29<206 258.879> 635.604 37.3956<132.351 237.451> 850 35<315 366.104> 872.966 30.0339<424.122 551.403> 1103 31.9552<184.562 347.333>
LayerCount: 2
Back
Fore
Refer: 469 3545 S 1 0 0 1 0 0 2
Refer: 385 3473 N 1 0 0 1 590 0 2
Validated: 1
EndChar
