StartChar: si_MatraOo
Encoding: 0 3549 473
Width: 1313
VWidth: 1000
GlyphClass: 2
Flags: W
HStem: -1 39.9048<1030.81 1124.78> -0.0240964 71.0008<169.496 384.288> 9.9834 37.0605<757.665 792.234> 23.6367 37.0605<695.65 730.971 820.056 855.002> 59.5264 37.0615<642.656 678.353 873.051 907.996> 114.923 37.0605<607.702 642.647 908.004 943.702> 166 32<251.305 332.316> 179.681 35.8906<594.548 630.245 920.032 955.728> 242.879 37.0605<607.715 642.647 908.004 943.689> 292 30.4717<249.801 322.561> 299.055 36.2803<642.668 678.353 872.299 907.996> 335.335 37.0605<695.65 730.971 819.305 855.002> 347.818 37.0605<757.665 792.234> 364.02 36.9979<1044.28 1123.6> 403 29<207.279 390.721> 468 28<1151.56 1226.28>
VStem: 33 44.1899<158.872 304.74> 202.965 33.0351<211.586 279.246> 345 34<210.718 279.174> 455 36.5496<132.975 238.86> 555 29<206 258.879> 594.544 35.7051<179.685 215.567> 607.698 34.9531<114.927 151.979 242.898 279.935> 642.651 35.7061<59.5308 96.5833 299.071 335.33> 695.646 35.3301<23.6414 60.6926 335.339 372.391> 757.661 34.5771<9.98807 47.0396 347.823 384.875> 820.052 34.9541<23.6411 60.6926 335.339 372.391> 873.047 34.9531<59.5308 96.5833 299.059 335.33> 908 35.7061<114.927 151.979 242.884 279.935> 920.027 35.7051<179.685 215.567> 982.579 27.8285<66.4052 131 256 321.337> 1124 27<399.677 478 498.094 638> 1164.2 65.9212<81.4691 327.817> 1237.26 36.7803<504.107 586.595>
LayerCount: 2
Back
Fore
Refer: 469 3545 N 1 0 0 1 0 0 2
Refer: 474 -1 N 1 0 0 1 990 0 2
Refer: 275 9676 N 1 0 0 1 540 0 2
Validated: 1
Substitution2: "NidahasFMAbhaya-Regular-'pstf' Post Base Forms in Sinhala lookup 7 subtable" si_O.mark
EndChar
