StartChar: si_MatraAu
Encoding: -1 3550 475
Width: 1417
VWidth: 1000
GlyphClass: 2
Flags: W
HStem: -2 27.9655<1175.32 1256.05> -0.0240964 71.0008<169.496 384.288> 9.9834 37.0605<788.665 823.234> 23.6367 37.0605<726.65 761.971 851.056 886.002> 59.5264 37.0615<673.656 709.353 904.051 938.996> 114.923 37.0605<638.702 673.647 939.004 974.702> 166 32<251.305 332.316> 179.681 35.8906<625.548 661.245 951.032 986.728> 211.933 25.0667<1076.66 1148.95> 242.879 37.0605<638.715 673.647 939.004 974.689> 292 30.4717<249.801 322.561> 299.055 36.2803<673.668 709.353 903.299 938.996> 335.335 37.0605<726.65 761.971 850.305 886.002> 347.818 37.0605<788.665 823.234> 403 29<207.279 390.721> 408.067 23.9333<1193.5 1262.81>
VStem: 33 44.1899<158.872 304.74> 202.965 33.0351<211.586 279.246> 345 34<210.718 279.174> 455 36.5496<132.975 238.86> 555 29<206 258.879> 625.544 35.7051<179.685 215.567> 638.698 34.9531<114.927 151.979 242.898 279.935> 673.651 35.7061<59.5308 96.5833 299.071 335.33> 726.646 35.3301<23.6414 60.6926 335.339 372.391> 788.661 34.5771<9.98807 47.0396 347.823 384.875> 851.052 34.9541<23.6411 60.6926 335.339 372.391> 904.047 34.9531<59.5308 96.5833 299.059 335.33> 939 35.7061<114.927 151.979 242.884 279.935> 951.027 35.7051<179.685 215.567> 1013 29<271.029 395.725> 1114 27<65.7863 157> 1145.34 27.484<337.189 389.783> 1166 43<249.259 333.089> 1303.18 69.8545<103.058 346.949>
LayerCount: 2
Back
Fore
Refer: 275 9676 N 1 0 0 1 571 0 2
Refer: 477 3551 N 1 0 0 1 980 0 2
Refer: 469 3545 N 1 0 0 1 0 0 2
Validated: 1
Substitution2: "NidahasFMAbhaya-Regular-'pstf' Post Base Forms in Sinhala lookup 7 subtable" si_MatraLs.alt
EndChar
