StartChar: si_MatraO
Encoding: 0 3548 472
Width: 1277
VWidth: 1000
GlyphClass: 2
Flags: W
HStem: -1 39.9043<1030.81 1124.78> -0.0240964 71.0008<169.496 384.288> 9.9834 37.0605<758.665 793.234> 23.6367 37.0605<696.65 731.971 821.056 856.002> 59.5264 37.0615<643.656 679.353 874.051 908.996> 114.923 37.0605<608.702 643.647 909.004 944.702> 166 32<251.305 332.316> 179.681 35.8906<595.548 631.245 921.032 956.728> 242.879 37.0605<608.715 643.647 909.004 944.689> 292 30.4717<249.801 322.561> 299.055 36.2803<643.668 679.353 873.299 908.996> 335.335 37.0605<696.65 731.971 820.305 856.002> 347.818 37.0605<758.665 793.234> 364.02 36.998<1044.28 1130.95> 403 29<207.279 390.721>
VStem: 33 44.1899<158.872 304.74> 202.965 33.0351<211.586 279.246> 345 34<210.718 279.174> 455 36.5496<132.975 238.86> 555 29<206 258.879> 595.544 35.7051<179.685 215.567> 608.698 34.9531<114.927 151.979 242.898 279.935> 643.651 35.7061<59.5308 96.5833 299.071 335.33> 696.646 35.3301<23.6414 60.6926 335.339 372.391> 758.661 34.5771<9.98807 47.0396 347.823 384.875> 821.052 34.9541<23.6411 60.6926 335.339 372.391> 874.047 34.9531<59.5308 96.5833 299.059 335.33> 909 35.7061<114.927 151.979 242.884 279.935> 921.027 35.7051<179.685 215.567> 982 26<70.5737 131 256 315.149> 1164.2 65.9209<81.4688 327.816>
LayerCount: 2
Back
Fore
Refer: 275 9676 S 1 0 0 1 541 0 2
Refer: 457 3535 S 1 0 0 1 970 0 2
Refer: 469 3545 S 1 0 0 1 0 0 2
Validated: 1
Substitution2: "NidahasFMAbhaya-Regular-'pstf' Post Base Forms in Sinhala lookup 7 subtable" si_MatraAa
EndChar
