StartChar: ei
Encoding: 111 3546 198
Width: 1051
GlyphClass: 2
Flags: W
HStem: -0.0240964 71.0008<171.375 384.288> 0 64<781.949 834.051> 12 65<720.949 772.086 843.949 896.051> 47 64<680.234 721.051 896.798 935.439> 100 65<660 672.568 944.432 957> 162 64<619.914 645> 166 32<251.305 332.316> 223 65<660 673.843 941.251 957> 277 63<679.127 721.173 895.827 937.873> 292 30.4717<249.801 322.561> 312 64<720.949 772.086 843.949 896.051> 324 64<781.949 834.051> 403 29<207.279 390.721>
VStem: 33 44.1899<158.872 303.856> 202.965 33.0351<211.586 279.246> 345 34<210.718 279.174> 455 36.5496<132.975 238.86> 555 29<206 258.879> 619 55<165.192 222.809> 632 54<108.283 161.777 226.161 279.717> 667 55<47.5 101.748 284.252 339.5> 720 53<12.3948 76.6052 312.371 375.605> 781 54<0.394775 63.6292 324.395 387.629> 843 54<12.3828 76.6052 312.371 375.605> 896 54<47.3828 102.717 283.283 339.629> 931 55<108.125 161.777 226.192 280.656> 943 55<165.192 222.809>
LayerCount: 2
Back
Fore
Refer: 196 3545 N 1 0 0 1 0 0 2
Refer: 2 9676 N 1 0 0 1 570 0 2
Validated: 1
Substitution2: "'pstf' Post Base Forms in Sinhala lookup 7 subtable" si_Virama
EndChar
