StartChar: si_MatraOo
Encoding: 114 3549 200
Width: 1313
GlyphClass: 2
Flags: W
HStem: -1 39.9048<1030.81 1124.78> -0.0240964 71.0008<171.375 384.288> 0 64<751.949 804.051> 12 65<690.949 742.086 813.949 866.051> 47 64<650.234 691.051 866.798 905.439> 100 65<630 642.568 914.432 927> 162 64<589.914 615> 166 32<251.305 332.316> 223 65<630 643.843 911.251 927> 277 63<649.127 691.173 865.827 907.873> 292 30.4717<249.801 322.561> 312 64<690.949 742.086 813.949 866.051> 324 64<751.949 804.051> 364.02 36.9979<1044.28 1122.2> 403 29<207.279 390.721> 468 28<1151.56 1226.28>
VStem: 33 44.1899<158.872 303.856> 202.965 33.0351<211.586 279.246> 345 34<210.718 279.174> 455 36.5496<132.975 238.86> 555 29<206 258.879> 589 55<165.192 222.809> 602 54<108.283 161.777 226.161 279.717> 637 55<47.5 101.748 284.252 339.5> 690 53<12.3948 76.6052 312.371 375.605> 751 54<0.394775 63.6292 324.395 387.629> 813 54<12.3828 76.6052 312.371 375.605> 866 54<47.3828 102.717 283.283 339.629> 901 55<108.125 161.777 226.192 280.656> 913 55<165.192 222.809> 982.579 27.8285<66.4052 131 256 321.337> 1124 27<377 478 498.094 638> 1164.2 65.9212<81.4691 327.817> 1237.26 36.7803<504.107 586.595>
LayerCount: 2
Back
Fore
Refer: 196 3545 N 1 0 0 1 0 0 2
Refer: 201 -1 N 1 0 0 1 990 0 2
Refer: 2 9676 N 1 0 0 1 540 0 2
Substitution2: "'pstf' Post Base Forms in Sinhala lookup 7 subtable" si_O.mark
EndChar
