StartChar: si_MatraO
Encoding: 113 3548 199
Width: 1277
GlyphClass: 2
Flags: W
HStem: -1 39.9048<1040.81 1134.78> -0.0240964 71.0008<171.375 384.288> 0 64<752.949 805.051> 12 65<691.949 743.086 814.949 867.051> 47 64<651.234 692.051 867.798 906.439> 100 65<631 643.568 915.432 928> 162 64<590.914 616> 166 32<251.305 332.316> 223 65<631 644.843 912.251 928> 277 63<650.127 692.173 866.827 908.873> 292 30.4717<249.801 322.561> 312 64<691.949 743.086 814.949 867.051> 324 64<752.949 805.051> 364.02 36.9979<1054.28 1140.95> 403 29<207.279 390.721>
VStem: 33 44.1899<158.872 303.856> 202.965 33.0351<211.586 279.246> 345 34<210.718 279.174> 455 36.5496<132.975 238.86> 555 29<206 258.879> 590 55<165.192 222.809> 603 54<108.283 161.777 226.161 279.717> 638 55<47.5 101.748 284.252 339.5> 691 53<12.3948 76.6052 312.371 375.605> 752 54<0.394775 63.6292 324.395 387.629> 814 54<12.3828 76.6052 312.371 375.605> 867 54<47.3828 102.717 283.283 339.629> 902 55<108.125 161.777 226.192 280.656> 914 55<165.192 222.809> 992 26<70.5737 131 256 315.149> 1174.2 65.9212<81.4691 327.817>
LayerCount: 2
Back
Fore
Refer: 2 9676 S 1 0 0 1 541 0 2
Refer: 184 3535 S 1 0 0 1 970 0 2
Refer: 196 3545 S 1 0 0 1 0 0 2
Validated: 32769
Substitution2: "'pstf' Post Base Forms in Sinhala lookup 7 subtable" si_MatraAa
EndChar
